%YAML:1.0
---
K: !!opencv-matrix
   rows: 3
   cols: 3
   dt: d
   data: [ 7.1296689573963647e+02, 0., 6.5626547812797003e+02, 0.,
       7.1246356311163584e+02, 3.5408971499204512e+02, 0., 0., 1. ]
D: !!opencv-matrix
   rows: 1
   cols: 5
   dt: d
   data: [ 1.4466401094404840e-01, -2.5047529435114513e-01,
       -7.5879462209365823e-03, -4.8437943247327757e-04,
       9.9038068983081776e-02 ]
reproj: 3.4243219183915780e-01
