%YAML:1.0
---
K: !!opencv-matrix
   rows: 3
   cols: 3
   dt: d
   data: [ 453.5552112322917, 0., 650.25175967466362, 0.,
       456.5801009008083, 314.95968591902431, 0., 0., 1. ]
D: !!opencv-matrix
   rows: 1
   cols: 5
   dt: d
   data: [ -0.10208491855753106, -0.13291843295550415,
       -0.0024993425324984185, -0.001214227979386463,
       0.091715642041542339 ]
reproj: 6.4210203621170088
