%YAML:1.0
---
K: !!opencv-matrix
   rows: 3
   cols: 3
   dt: d
   data: [ 844.95492538009455, 0., 623.95710790797216, 0.,
       843.50406632881607, 335.67233380883084, 0., 0., 1. ]
D: !!opencv-matrix
   rows: 1
   cols: 5
   dt: d
   data: [ 0.090662190094130998, -0.29920207658804199,
       -0.011097847196211945, -0.0073047941592912259,
       0.17642324152294836 ]
reproj: 1.0612496770521525
