%YAML:1.0
---
K: !!opencv-matrix
   rows: 3
   cols: 3
   dt: d
   data: [ 665.69896576347651, 0., 666.63928064823335, 0.,
       668.50290901264759, 366.0081018818916, 0., 0., 1. ]
D: !!opencv-matrix
   rows: 1
   cols: 5
   dt: d
   data: [ 0.074972515923183158, -0.20785236395289969,
       0.0043824410441265895, 0.013817218712327207, 0.69890498396352663 ]
reproj: 0.45149720673642574
