%YAML:1.0
---
K: !!opencv-matrix
   rows: 3
   cols: 3
   dt: d
   data: [ 7.1118608609371927e+02, 0., 6.4283858533950524e+02, 0.,
       7.0927852807097975e+02, 3.4463965654008553e+02, 0., 0., 1. ]
D: !!opencv-matrix
   rows: 1
   cols: 5
   dt: d
   data: [ 1.4991584606027231e-01, -2.8933075365647676e-01,
       -1.2679618823290637e-02, -6.8779611874934688e-03,
       1.5820165838808636e-01 ]
reproj: 4.1728973480443832e-01
