%YAML:1.0
---
K: !!opencv-matrix
   rows: 3
   cols: 3
   dt: d
   data: [ 667.9140498768918, 0., 650.87642304174244, 0.,
       667.89201188629613, 372.75819304683802, 0., 0., 1. ]
D: !!opencv-matrix
   rows: 1
   cols: 5
   dt: d
   data: [ 0.069759092460946442, -0.16237477783828372,
       0.0061460396202097393, 0.0093391389285672859, 0.32942812300511826 ]
reproj: 0.22073015925955836
