%YAML:1.0
---
K: !!opencv-matrix
   rows: 3
   cols: 3
   dt: d
   data: [ 6.8590068105566968e+02, 0., 6.3155225619765179e+02, 0.,
       6.8672504246232347e+02, 3.5369496083629980e+02, 0., 0., 1. ]
D: !!opencv-matrix
   rows: 1
   cols: 5
   dt: d
   data: [ 1.5642371136281787e-02, 3.1828121569671008e-01,
       -1.8761726870306552e-03, -4.3781143562320220e-03,
       -9.2850204679177606e-01 ]
reproj: 3.1308551423971182e-01
