%YAML:1.0
---
K: !!opencv-matrix
   rows: 3
   cols: 3
   dt: d
   data: [ 934.41989131784385, 0., 680.31790227719284, 0.,
       937.42449284452675, 366.31110931803056, 0., 0., 1. ]
D: !!opencv-matrix
   rows: 1
   cols: 5
   dt: d
   data: [ 0.21062688984864625, -0.36471321562865544,
       0.0047196522552236039, 0.012888839810720353, -0.13843268828347505 ]
reproj: 0.2844485370820698
