%YAML:1.0
---
K: !!opencv-matrix
   rows: 3
   cols: 3
   dt: d
   data: [ 532.39657773857118, 0., 666.48120786334425, 0.,
       527.59807113053239, 360.52413741942559, 0., 0., 1. ]
D: !!opencv-matrix
   rows: 1
   cols: 5
   dt: d
   data: [ -0.074411933231880723, 0.21902607375250319,
       0.0061884854194599204, 0.0021097102052122872,
       -0.12556274677936244 ]
reproj: 2.5430286866263785
