%YAML:1.0
---
K: !!opencv-matrix
   rows: 3
   cols: 3
   dt: d
   data: [ 6.8749244612437633e+02, 0., 6.4543839865077177e+02, 0.,
       6.8558682235640720e+02, 3.7765112969666325e+02, 0., 0., 1. ]
D: !!opencv-matrix
   rows: 1
   cols: 5
   dt: d
   data: [ 1.4139753591576779e-01, -2.4856988007965516e-01,
       8.6928433867484931e-03, 5.3085342956003837e-03,
       1.2092015933837874e-01 ]
reproj: 4.2020426835750485e-01
