%YAML:1.0
---
K: !!opencv-matrix
   rows: 3
   cols: 3
   dt: d
   data: [ 6.8322365838111398e+02, 0., 6.3214375540841183e+02, 0.,
       6.8224981623933513e+02, 3.6441642049456863e+02, 0., 0., 1. ]
D: !!opencv-matrix
   rows: 1
   cols: 5
   dt: d
   data: [ 1.6028356988668105e-01, -3.4055587889232980e-01,
       -2.5664298850224876e-04, -1.7700364119573122e-03,
       2.0588551429530513e-01 ]
reproj: 2.9909132251943710e-01
