%YAML:1.0
---
K: !!opencv-matrix
   rows: 3
   cols: 3
   dt: d
   data: [ 9.3012119324439504e+02, 0., 6.7818794949962023e+02, 0.,
       9.3089814679127198e+02, 3.5518838489885883e+02, 0., 0., 1. ]
D: !!opencv-matrix
   rows: 1
   cols: 5
   dt: d
   data: [ 1.1330984456837041e-01, 1.4186193806983977e-01,
       -1.5881868804674528e-04, 1.2138718121409580e-02,
       -1.0698628886575561e+00 ]
reproj: 2.0942183989428090e-01
