%YAML:1.0
---
K: !!opencv-matrix
   rows: 3
   cols: 3
   dt: d
   data: [ 6.7586022405248934e+02, 0., 6.4146777211532822e+02, 0.,
       6.7658853285366354e+02, 3.6309346218290045e+02, 0., 0., 1. ]
D: !!opencv-matrix
   rows: 1
   cols: 5
   dt: d
   data: [ 4.4090323323136206e-02, -1.1437796127235609e-02,
       1.4488860964025992e-03, -1.6522945587361326e-03,
       1.4424537740814342e-02 ]
reproj: 1.9513016523908383e-01
