%YAML:1.0
---
K: !!opencv-matrix
   rows: 3
   cols: 3
   dt: d
   data: [ 938.24309781607212, 0., 656.98430802672749, 0.,
       938.80218105810775, 373.81996109343902, 0., 0., 1. ]
D: !!opencv-matrix
   rows: 1
   cols: 5
   dt: d
   data: [ 0.23103324145506937, -0.59235809819613172,
       0.0070159376684383367, 0.0048697085749150586, 0.50421666474772653 ]
reproj: 0.30137530340476393
