%YAML:1.0
---
K: !!opencv-matrix
   rows: 3
   cols: 3
   dt: d
   data: [ 7.0805457893554228e+02, 0., 6.5250431996531563e+02, 0.,
       7.0792524879641235e+02, 3.6047141461076131e+02, 0., 0., 1. ]
D: !!opencv-matrix
   rows: 1
   cols: 5
   dt: d
   data: [ 1.3564328177018412e-01, -2.5861967954556481e-01,
       -5.4444827648036575e-03, -1.6235562363611488e-05,
       1.2261833205522157e-01 ]
reproj: 4.7501384727341417e-01
