%YAML:1.0
---
K: !!opencv-matrix
   rows: 3
   cols: 3
   dt: d
   data: [ 9.5049183474044469e+02, 0., 6.4247302027294768e+02, 0.,
       9.5287884351710068e+02, 3.6267101308600024e+02, 0., 0., 1. ]
D: !!opencv-matrix
   rows: 1
   cols: 5
   dt: d
   data: [ 1.8885004624834842e-01, -2.5632954954387421e-01,
       2.2550173341111196e-03, -5.7457213982761565e-03,
       -2.6382203368096474e-01 ]
reproj: 1.5308173246290357e-01
