%YAML:1.0
---
K: !!opencv-matrix
   rows: 3
   cols: 3
   dt: d
   data: [ 7.2134187474821590e+02, 0., 6.5497111483583717e+02, 0.,
       7.2082640809230406e+02, 3.8349748082875294e+02, 0., 0., 1. ]
D: !!opencv-matrix
   rows: 1
   cols: 5
   dt: d
   data: [ 1.6384315696061152e-01, -3.1703996307285504e-01,
       5.4812288699579211e-03, -6.4039101241275271e-04,
       1.6256347367640459e-01 ]
reproj: 4.1046367075815887e-01
