%YAML:1.0
---
K: !!opencv-matrix
   rows: 3
   cols: 3
   dt: d
   data: [ 7.2090948976894640e+02, 0., 6.7649516845483777e+02, 0.,
       7.1819025300662963e+02, 4.0354303462743400e+02, 0., 0., 1. ]
D: !!opencv-matrix
   rows: 1
   cols: 5
   dt: d
   data: [ 1.6105996577389348e-01, -4.0949601783448669e-01,
       1.4274532508338671e-02, 1.1560882436112949e-02,
       5.0649758652265808e-01 ]
reproj: 2.6525289431279742e-01
