%YAML:1.0
---
K: !!opencv-matrix
   rows: 3
   cols: 3
   dt: d
   data: [ 7.2130351607525051e+02, 0., 6.5049920665731395e+02, 0.,
       7.2177076060659726e+02, 3.9423626706370624e+02, 0., 0., 1. ]
D: !!opencv-matrix
   rows: 1
   cols: 5
   dt: d
   data: [ 1.6347275090673022e-01, -3.4463875976764058e-01,
       8.4341912030042702e-03, -1.3059272457409069e-03,
       2.3441261980915803e-01 ]
reproj: 4.3619479917027282e-01
