%YAML:1.0
---
K: !!opencv-matrix
   rows: 3
   cols: 3
   dt: d
   data: [ 7.2029308392363191e+02, 0., 6.5801955328791360e+02, 0.,
       7.2187931159321317e+02, 3.5080704221989851e+02, 0., 0., 1. ]
D: !!opencv-matrix
   rows: 1
   cols: 5
   dt: d
   data: [ 1.6513846766835577e-01, -3.2259501558488035e-01,
       -9.9558529124337165e-03, 2.9547128183378870e-03,
       2.0147504069563646e-01 ]
reproj: 6.2206644780959486e-01
