%YAML:1.0
---
K: !!opencv-matrix
   rows: 3
   cols: 3
   dt: d
   data: [ 467.48859237382766, 0., 692.25683850535779, 0.,
       473.26362176941967, 373.95470752929015, 0., 0., 1. ]
D: !!opencv-matrix
   rows: 1
   cols: 5
   dt: d
   data: [ 0.018642206869416939, -0.10738124126004926,
       -0.00097304254436454381, -0.0027719807815254722,
       0.046911787653394633 ]
reproj: 4.0020921331333641
