%YAML:1.0
---
K: !!opencv-matrix
   rows: 3
   cols: 3
   dt: d
   data: [ 948.52732620527468, 0., 643.15767296241563, 0.,
       949.22105654460779, 330.609669656015, 0., 0., 1. ]
D: !!opencv-matrix
   rows: 1
   cols: 5
   dt: d
   data: [ 0.22912947037392478, -0.80091054621174096,
       -0.0084959528671330782, -0.0040078067680070243,
       0.95650417262431864 ]
reproj: 1.3704233212681505
