%YAML:1.0
---
K: !!opencv-matrix
   rows: 3
   cols: 3
   dt: d
   data: [ 927.51550215599912, 0., 620.54603215188001, 0.,
       927.00435496312627, 335.00272600696542, 0., 0., 1. ]
D: !!opencv-matrix
   rows: 1
   cols: 5
   dt: d
   data: [ 0.22101388455897336, -0.79744908722185137,
       -0.0095236600485264101, -0.0047294374562867163,
       0.90460894916054446 ]
reproj: 0.15684357792407022
