%YAML:1.0
---
K: !!opencv-matrix
   rows: 3
   cols: 3
   dt: d
   data: [ 9.5035237059866847e+02, 0., 6.5206947680544988e+02, 0.,
       9.5176437383027246e+02, 3.6501035578670093e+02, 0., 0., 1. ]
D: !!opencv-matrix
   rows: 1
   cols: 5
   dt: d
   data: [ 2.1541455148717836e-01, -4.6576575975627155e-01,
       2.3261765623690226e-03, -3.3822445436227110e-03,
       2.0878997474740854e-01 ]
reproj: 2.0081278838539415e-01
