%YAML:1.0
---
K: !!opencv-matrix
   rows: 3
   cols: 3
   dt: d
   data: [ 6.5744360556530739e+02, 0., 6.6266276229176492e+02, 0.,
       6.5776860433110153e+02, 3.5633030586219627e+02, 0., 0., 1. ]
D: !!opencv-matrix
   rows: 1
   cols: 5
   dt: d
   data: [ 2.6263375010152419e-02, -1.3636049281599019e-01,
       -7.4815566753565785e-04, 1.0923328556944608e-02,
       2.5319532889800278e-01 ]
reproj: 1.7425898685231406e-01
