%YAML:1.0
---
K: !!opencv-matrix
   rows: 3
   cols: 3
   dt: d
   data: [ 9.5537750565671138e+02, 0., 6.4191214123995610e+02, 0.,
       9.5674491562671710e+02, 3.5494438474673325e+02, 0., 0., 1. ]
D: !!opencv-matrix
   rows: 1
   cols: 5
   dt: d
   data: [ 2.6416415985150123e-02, 1.7979117052261846e+00,
       -1.2031411800190923e-03, -5.9097152304104445e-03,
       -8.2311231066441355e+00 ]
reproj: 1.3024019386993826e-01
