%YAML:1.0
---
K1: !!opencv-matrix
   rows: 3
   cols: 3
   dt: d
   data: [ 453.5552112322917, 0., 650.25175967466362, 0.,
       456.5801009008083, 314.95968591902431, 0., 0., 1. ]
D1: !!opencv-matrix
   rows: 1
   cols: 5
   dt: d
   data: [ -0.10208491855753106, -0.13291843295550415,
       -0.0024993425324984185, -0.001214227979386463,
       0.091715642041542339 ]
K2: !!opencv-matrix
   rows: 3
   cols: 3
   dt: d
   data: [ 591.68579796640529, 0., 682.28541645342113, 0.,
       594.27703081834943, 351.3749372946649, 0., 0., 1. ]
D2: !!opencv-matrix
   rows: 1
   cols: 5
   dt: d
   data: [ -0.037033719841823791, -0.034786892581262649,
       -0.007508272886890691, 0.013765765233736814, 0.019086499542992554 ]
R: !!opencv-matrix
   rows: 3
   cols: 3
   dt: d
   data: [ 0.89885601489414946, -0.18921336000929334,
       0.39529251053188713, 0.23782561696269333, 0.968224274432403,
       -0.077335181619758636, -0.36809895463709591, 0.16352387835982954,
       0.91529399692188351 ]
T: !!opencv-matrix
   rows: 3
   cols: 1
   dt: d
   data: [ -0.79542617017490458, -0.075705804792562087,
       0.14887731702249213 ]
rmse: 5.7227994887835845
