%YAML:1.0
---
K1: !!opencv-matrix
   rows: 3
   cols: 3
   dt: d
   data: [ 6.5744360556530739e+02, 0., 6.6266276229176492e+02, 0.,
       6.5776860433110153e+02, 3.5633030586219627e+02, 0., 0., 1. ]
D1: !!opencv-matrix
   rows: 1
   cols: 5
   dt: d
   data: [ 2.6263375010152419e-02, -1.3636049281599019e-01,
       -7.4815566753565785e-04, 1.0923328556944608e-02,
       2.5319532889800278e-01 ]
K2: !!opencv-matrix
   rows: 3
   cols: 3
   dt: d
   data: [ 6.6127372449485631e+02, 0., 6.3752763564008933e+02, 0.,
       6.6357867183076507e+02, 3.5910577726326738e+02, 0., 0., 1. ]
D2: !!opencv-matrix
   rows: 1
   cols: 5
   dt: d
   data: [ 2.8808679913199204e-02, -4.0950030381102807e-02,
       -1.0586292742278836e-03, -3.6185939133788246e-03,
       1.1122153775640483e-02 ]
R: !!opencv-matrix
   rows: 3
   cols: 3
   dt: d
   data: [ 9.6827656000497786e-01, 2.6137025091031281e-02,
       2.4851027999726158e-01, -2.4106488713127643e-02,
       9.9964653333082509e-01, -1.1210958994995520e-02,
       -2.4871546101288192e-01, 4.8645985501809472e-03,
       9.6856437841482435e-01 ]
T: !!opencv-matrix
   rows: 3
   cols: 1
   dt: d
   data: [ -8.1012672371212269e-01, 1.5946375831016633e-02,
       1.7496788239280713e-02 ]
rmse: 2.2109108374977848e-01
