%YAML:1.0
---
K1: !!opencv-matrix
   rows: 3
   cols: 3
   dt: d
   data: [ 667.9140498768918, 0., 650.87642304174244, 0.,
       667.89201188629613, 372.75819304683802, 0., 0., 1. ]
D1: !!opencv-matrix
   rows: 1
   cols: 5
   dt: d
   data: [ 0.069759092460946442, -0.16237477783828372,
       0.0061460396202097393, 0.0093391389285672859, 0.32942812300511826 ]
K2: !!opencv-matrix
   rows: 3
   cols: 3
   dt: d
   data: [ 666.77607726410986, 0., 661.70017078142359, 0.,
       670.95064532800336, 381.61009861897071, 0., 0., 1. ]
D2: !!opencv-matrix
   rows: 1
   cols: 5
   dt: d
   data: [ 0.023440133110091292, 0.12659546182595105,
       0.012262754302924863, 0.011366619539456646, -0.18435620685416804 ]
R: !!opencv-matrix
   rows: 3
   cols: 3
   dt: d
   data: [ 0.99877288355057681, -0.049019613089019094,
       0.0070572386008076662, 0.049443114461228087, 0.99513733413401428,
       -0.085188406752451762, -0.0028470188688802644,
       0.085432802513145611, 0.99633986708266886 ]
T: !!opencv-matrix
   rows: 3
   cols: 1
   dt: d
   data: [ 0.75614268115547079, 0.042971790066197266,
       0.072225249794301505 ]
rmse: 0.61276756895121076
