%YAML:1.0
---
K1: !!opencv-matrix
   rows: 3
   cols: 3
   dt: d
   data: [ 7.2090948976894640e+02, 0., 6.7649516845483777e+02, 0.,
       7.1819025300662963e+02, 4.0354303462743400e+02, 0., 0., 1. ]
D1: !!opencv-matrix
   rows: 1
   cols: 5
   dt: d
   data: [ 1.6105996577389348e-01, -4.0949601783448669e-01,
       1.4274532508338671e-02, 1.1560882436112949e-02,
       5.0649758652265808e-01 ]
K2: !!opencv-matrix
   rows: 3
   cols: 3
   dt: d
   data: [ 7.4756210541179973e+02, 0., 7.0909391521739894e+02, 0.,
       7.4492602519738614e+02, 4.0490206337141564e+02, 0., 0., 1. ]
D2: !!opencv-matrix
   rows: 1
   cols: 5
   dt: d
   data: [ 1.7843265562197266e-01, -1.9518812579667455e-01,
       1.9389143854198980e-02, 2.5565363850850009e-02,
       9.4311666823040236e-02 ]
R: !!opencv-matrix
   rows: 3
   cols: 3
   dt: d
   data: [ 9.8335527052284966e-01, -1.7969908811431318e-02,
       -1.8080236257372842e-01, -7.9052514062039180e-03,
       9.8992331204760609e-01, -1.4138367396875309e-01,
       1.8152112531366102e-01, 1.4045966909403854e-01,
       9.7330424966854800e-01 ]
T: !!opencv-matrix
   rows: 3
   cols: 1
   dt: d
   data: [ 1.8061431460619731e-01, -1.1695922492003605e-02,
       1.4866619806079359e-01 ]
rmse: 1.0582475149638657e+00
