%YAML:1.0
---
K1: !!opencv-matrix
   rows: 3
   cols: 3
   dt: d
   data: [ 7.1118608609371927e+02, 0., 6.4283858533950524e+02, 0.,
       7.0927852807097975e+02, 3.4463965654008553e+02, 0., 0., 1. ]
D1: !!opencv-matrix
   rows: 1
   cols: 5
   dt: d
   data: [ 1.4991584606027231e-01, -2.8933075365647676e-01,
       -1.2679618823290637e-02, -6.8779611874934688e-03,
       1.5820165838808636e-01 ]
K2: !!opencv-matrix
   rows: 3
   cols: 3
   dt: d
   data: [ 7.2790375942433229e+02, 0., 6.3005799147792072e+02, 0.,
       7.2565732481017233e+02, 3.7874131482371132e+02, 0., 0., 1. ]
D2: !!opencv-matrix
   rows: 1
   cols: 5
   dt: d
   data: [ 1.7504795112129787e-01, -4.4421613966332790e-01,
       3.6428835424730835e-04, -3.5038793577444314e-03,
       2.9016220237274876e-01 ]
R: !!opencv-matrix
   rows: 3
   cols: 3
   dt: d
   data: [ 9.9845706417861968e-01, 6.5525316460233220e-03,
       5.5141230679408411e-02, -1.9412872382154503e-03,
       9.9652534162160533e-01, -8.3267490113498557e-02,
       -5.5495246604286848e-02, 8.3031968752828575e-02,
       9.9500048732116642e-01 ]
T: !!opencv-matrix
   rows: 3
   cols: 1
   dt: d
   data: [ -1.9458212159280067e-01, 3.4077358290391310e-02,
       -7.5314483300084232e-04 ]
rmse: 1.2554369669604968e+00
