%YAML:1.0
---
K1: !!opencv-matrix
   rows: 3
   cols: 3
   dt: d
   data: [ 665.69896576347651, 0., 666.63928064823335, 0.,
       668.50290901264759, 366.0081018818916, 0., 0., 1. ]
D1: !!opencv-matrix
   rows: 1
   cols: 5
   dt: d
   data: [ 0.074972515923183158, -0.20785236395289969,
       0.0043824410441265895, 0.013817218712327207, 0.69890498396352663 ]
K2: !!opencv-matrix
   rows: 3
   cols: 3
   dt: d
   data: [ 683.17533279438351, 0., 579.46684833985819, 0.,
       676.55760888219334, 371.42881182915528, 0., 0., 1. ]
D2: !!opencv-matrix
   rows: 1
   cols: 5
   dt: d
   data: [ 0.10507352397266044, -0.16998508113677774,
       0.0039190688133956741, -0.044076494891403022, 0.25342309129555252 ]
R: !!opencv-matrix
   rows: 3
   cols: 3
   dt: d
   data: [ 0.50424585497056662, -0.18488089062422053,
       0.84353729853931014, 0.22184911676756852, 0.97176326755496345,
       0.080368658196774911, -0.83457719063874003, 0.1466124418761767,
       0.53102326196942884 ]
T: !!opencv-matrix
   rows: 3
   cols: 1
   dt: d
   data: [ -1.3827266419812538, -0.27419073443201569, 1.4881775484056756 ]
rmse: 0.54691657771399682
