%YAML:1.0
---
K1: !!opencv-matrix
   rows: 3
   cols: 3
   dt: d
   data: [ 6.8793704418826292e+02, 0., 6.3458420860455476e+02, 0.,
       6.8950713689788518e+02, 3.6415378184247652e+02, 0., 0., 1. ]
D1: !!opencv-matrix
   rows: 1
   cols: 5
   dt: d
   data: [ 4.1561065829958471e-02, 1.0575784249035103e-01,
       2.3037361188334693e-03, -6.8153275125269037e-04,
       -7.2080178135702583e-02 ]
K2: !!opencv-matrix
   rows: 3
   cols: 3
   dt: d
   data: [ 6.8005817880480686e+02, 0., 6.4577070211985574e+02, 0.,
       6.8123607323846227e+02, 3.5958974523772525e+02, 0., 0., 1. ]
D2: !!opencv-matrix
   rows: 1
   cols: 5
   dt: d
   data: [ 2.7366819934592071e-02, 1.3162611069261829e-01,
       -1.2434970649201275e-03, 2.1130211393664503e-03,
       -2.7624406581287272e-02 ]
R: !!opencv-matrix
   rows: 3
   cols: 3
   dt: d
   data: [ 9.9792614233840815e-01, -1.5815313268722042e-02,
       -6.2396236295110999e-02, 2.0191137384650296e-02,
       9.9733318087059297e-01, 7.0134473019045754e-02,
       6.1120638156823268e-02, -7.1248875084153188e-02,
       9.9558418297527485e-01 ]
T: !!opencv-matrix
   rows: 3
   cols: 1
   dt: d
   data: [ 4.5268330321731665e-01, -1.2522019047961033e-02,
       1.1552508592919276e-02 ]
rmse: 2.0102867526787443e-01
