%YAML:1.0
---
K1: !!opencv-matrix
   rows: 3
   cols: 3
   dt: d
   data: [ 934.41989131784385, 0., 680.31790227719284, 0.,
       937.42449284452675, 366.31110931803056, 0., 0., 1. ]
D1: !!opencv-matrix
   rows: 1
   cols: 5
   dt: d
   data: [ 0.21062688984864625, -0.36471321562865544,
       0.0047196522552236039, 0.012888839810720353, -0.13843268828347505 ]
K2: !!opencv-matrix
   rows: 3
   cols: 3
   dt: d
   data: [ 963.51956644241977, 0., 543.93440104136573, 0.,
       957.23953688107611, 363.52519366690882, 0., 0., 1. ]
D2: !!opencv-matrix
   rows: 1
   cols: 5
   dt: d
   data: [ 0.20303745022107825, -0.06602185915231068,
       0.0021231357000690036, -0.053374144975767521,
       -0.24445922493177002 ]
R: !!opencv-matrix
   rows: 3
   cols: 3
   dt: d
   data: [ 0.50406266641538444, -0.17230800955212502,
       0.84630418773062777, 0.19757497642044949, 0.97691695922565125,
       0.081224278819612264, -0.84076450746845388, 0.12626640337592607,
       0.52647111825800685 ]
T: !!opencv-matrix
   rows: 3
   cols: 1
   dt: d
   data: [ -1.3350435472947868, -0.2401165743461815, 1.5298283506892112 ]
rmse: 0.52991326556377194
