%YAML:1.0
---
K1: !!opencv-matrix
   rows: 3
   cols: 3
   dt: d
   data: [ 7.0805457893554228e+02, 0., 6.5250431996531563e+02, 0.,
       7.0792524879641235e+02, 3.6047141461076131e+02, 0., 0., 1. ]
D1: !!opencv-matrix
   rows: 1
   cols: 5
   dt: d
   data: [ 1.3564328177018412e-01, -2.5861967954556481e-01,
       -5.4444827648036575e-03, -1.6235562363611488e-05,
       1.2261833205522157e-01 ]
K2: !!opencv-matrix
   rows: 3
   cols: 3
   dt: d
   data: [ 7.0568328798972016e+02, 0., 6.6319747036733372e+02, 0.,
       7.0703701297204816e+02, 3.7462525087306295e+02, 0., 0., 1. ]
D2: !!opencv-matrix
   rows: 1
   cols: 5
   dt: d
   data: [ 1.5393113035778985e-01, -2.6753697848239832e-01,
       -6.5960151769551471e-04, -3.4888634592988603e-03,
       1.1731942830405347e-01 ]
R: !!opencv-matrix
   rows: 3
   cols: 3
   dt: d
   data: [ 9.3125803606357893e-01, -1.0640736058669983e-01,
       3.4847660449444529e-01, 1.0102727087291508e-01,
       9.9431502868311816e-01, 3.3632042383126656e-02,
       -3.5007422185441850e-01, 3.8855305766164368e-03,
       9.3671390608080629e-01 ]
T: !!opencv-matrix
   rows: 3
   cols: 1
   dt: d
   data: [ -7.7231140742684856e-01, -5.7671213626321098e-02,
       1.7538102712742029e-01 ]
rmse: 7.8205274175658346e-01
