%YAML:1.0
---
K1: !!opencv-matrix
   rows: 3
   cols: 3
   dt: d
   data: [ 9.5035237059866847e+02, 0., 6.5206947680544988e+02, 0.,
       9.5176437383027246e+02, 3.6501035578670093e+02, 0., 0., 1. ]
D1: !!opencv-matrix
   rows: 1
   cols: 5
   dt: d
   data: [ 2.1541455148717836e-01, -4.6576575975627155e-01,
       2.3261765623690226e-03, -3.3822445436227110e-03,
       2.0878997474740854e-01 ]
K2: !!opencv-matrix
   rows: 3
   cols: 3
   dt: d
   data: [ 9.5731580676943440e+02, 0., 6.3869593184638552e+02, 0.,
       9.5901907791678093e+02, 3.6048403490537174e+02, 0., 0., 1. ]
D2: !!opencv-matrix
   rows: 1
   cols: 5
   dt: d
   data: [ 1.9593333061443788e-01, -3.0753563757129110e-01,
       7.4441513719868840e-04, 3.5604089133383079e-03,
       -1.0736758724091174e-01 ]
R: !!opencv-matrix
   rows: 3
   cols: 3
   dt: d
   data: [ 9.9796289382576830e-01, 4.6320187047790215e-02,
       -4.3869155664954487e-02, -4.5858321053185921e-02,
       9.9888201813101696e-01, 1.1477292567920117e-02,
       4.4351741082861745e-02, -9.4421462795509017e-03,
       9.9897135541343440e-01 ]
T: !!opencv-matrix
   rows: 3
   cols: 1
   dt: d
   data: [ -6.5370953049199365e-01, 2.1271660550532139e-02,
       4.8426874901824200e-02 ]
rmse: 2.4632283696447249e-01
