%YAML:1.0
---
K1: !!opencv-matrix
   rows: 3
   cols: 3
   dt: d
   data: [ 927.51550215599912, 0., 620.54603215188001, 0.,
       927.00435496312627, 335.00272600696542, 0., 0., 1. ]
D1: !!opencv-matrix
   rows: 1
   cols: 5
   dt: d
   data: [ 0.22101388455897336, -0.79744908722185137,
       -0.0095236600485264101, -0.0047294374562867163,
       0.90460894916054446 ]
K2: !!opencv-matrix
   rows: 3
   cols: 3
   dt: d
   data: [ 896.71025051429967, 0., 664.2544256855515, 0.,
       895.76894041092896, 341.0923947920665, 0., 0., 1. ]
D2: !!opencv-matrix
   rows: 1
   cols: 5
   dt: d
   data: [ 0.24208987413993388, -0.805967136170472,
       -0.0055203335639227233, 0.0022139651043857895,
       0.83132722842951512 ]
R: !!opencv-matrix
   rows: 3
   cols: 3
   dt: d
   data: [ 0.88473844720723704, 0.12220418528749444,
       -0.44978218854412932, -0.12501219133974734, 0.99187483806551935,
       0.023585114562666622, 0.4490098351370061, 0.035361599380110527,
       0.89282681704769551 ]
T: !!opencv-matrix
   rows: 3
   cols: 1
   dt: d
   data: [ 0.86286792745478413, -0.028360303822945181,
       0.20671855441428377 ]
rmse: 0.42893631737936411
