%YAML:1.0
---
K1: !!opencv-matrix
   rows: 3
   cols: 3
   dt: d
   data: [ 9.3012119324439504e+02, 0., 6.7818794949962023e+02, 0.,
       9.3089814679127198e+02, 3.5518838489885883e+02, 0., 0., 1. ]
D1: !!opencv-matrix
   rows: 1
   cols: 5
   dt: d
   data: [ 1.1330984456837041e-01, 1.4186193806983977e-01,
       -1.5881868804674528e-04, 1.2138718121409580e-02,
       -1.0698628886575561e+00 ]
K2: !!opencv-matrix
   rows: 3
   cols: 3
   dt: d
   data: [ 9.2489996065595244e+02, 0., 6.3681888212107140e+02, 0.,
       9.2805290042196441e+02, 3.5795915901795490e+02, 0., 0., 1. ]
D2: !!opencv-matrix
   rows: 1
   cols: 5
   dt: d
   data: [ 1.7992346649334781e-01, -5.2489288930595768e-01,
       -1.8707675976105775e-04, -3.1872405666062199e-03,
       3.8799702207038395e-01 ]
R: !!opencv-matrix
   rows: 3
   cols: 3
   dt: d
   data: [ 9.6630241966713737e-01, 4.4611355135524458e-02,
       2.5351422196477985e-01, -4.4669191475370226e-02,
       9.9898652195264326e-01, -5.5310297321372898e-03,
       -2.5350403759777135e-01, -5.9796279092591085e-03,
       9.6731584654222147e-01 ]
T: !!opencv-matrix
   rows: 3
   cols: 1
   dt: d
   data: [ -8.0995104214922164e-01, 2.4310407832633416e-02,
       1.0444387582598819e-02 ]
rmse: 2.7630165711922872e-01
