%YAML:1.0
---
K1: !!opencv-matrix
   rows: 3
   cols: 3
   dt: d
   data: [ 9.5537750565671138e+02, 0., 6.4191214123995610e+02, 0.,
       9.5674491562671710e+02, 3.5494438474673325e+02, 0., 0., 1. ]
D1: !!opencv-matrix
   rows: 1
   cols: 5
   dt: d
   data: [ 2.6416415985150123e-02, 1.7979117052261846e+00,
       -1.2031411800190923e-03, -5.9097152304104445e-03,
       -8.2311231066441355e+00 ]
K2: !!opencv-matrix
   rows: 3
   cols: 3
   dt: d
   data: [ 9.5060284457076136e+02, 0., 6.3841362928230626e+02, 0.,
       9.5152319872565715e+02, 3.5630795337883228e+02, 0., 0., 1. ]
D2: !!opencv-matrix
   rows: 1
   cols: 5
   dt: d
   data: [ 9.2272012205302581e-02, 5.7527750274868772e-01,
       -3.5860542753934774e-04, 2.0699610820256375e-03,
       -2.8506240602613544e+00 ]
R: !!opencv-matrix
   rows: 3
   cols: 3
   dt: d
   data: [ 9.9884024811521144e-01, 1.7655736126404070e-02,
       -4.4793233048950998e-02, -1.7299901958605628e-02,
       9.9981573507019683e-01, 8.3192125988407386e-03,
       4.4931861049432156e-02, -7.5346458361934725e-03,
       9.9896163939100169e-01 ]
T: !!opencv-matrix
   rows: 3
   cols: 1
   dt: d
   data: [ 5.1549928845486126e-01, -1.3259705240555362e-02,
       -3.9175230529127351e-02 ]
rmse: 1.7410878906051860e-01
