%YAML:1.0
---
K1: !!opencv-matrix
   rows: 3
   cols: 3
   dt: d
   data: [ 532.39657773857118, 0., 666.48120786334425, 0.,
       527.59807113053239, 360.52413741942559, 0., 0., 1. ]
D1: !!opencv-matrix
   rows: 1
   cols: 5
   dt: d
   data: [ -0.074411933231880723, 0.21902607375250319,
       0.0061884854194599204, 0.0021097102052122872,
       -0.12556274677936244 ]
K2: !!opencv-matrix
   rows: 3
   cols: 3
   dt: d
   data: [ 516.99636534775459, 0., 610.43822238112512, 0.,
       517.24030478966415, 372.23882041694554, 0., 0., 1. ]
D2: !!opencv-matrix
   rows: 1
   cols: 5
   dt: d
   data: [ -0.21117108547196656, 0.1930003336499003,
       0.001754162387745746, 0.0077297701705441174,
       -0.085602440505491206 ]
R: !!opencv-matrix
   rows: 3
   cols: 3
   dt: d
   data: [ 0.98527233824513893, 0.03524871354286413,
       -0.16731989625423996, -0.044945714954663984, 0.99750031318485022,
       -0.054525295994976637, 0.1649797023762942, 0.061242578241765981,
       0.98439374460331186 ]
T: !!opencv-matrix
   rows: 3
   cols: 1
   dt: d
   data: [ 0.69691121708973547, 0.029083695325767454,
       0.02880256694842552 ]
rmse: 3.6748366614453301
