%YAML:1.0
---
K1: !!opencv-matrix
   rows: 3
   cols: 3
   dt: d
   data: [ 6.8749244612437633e+02, 0., 6.4543839865077177e+02, 0.,
       6.8558682235640720e+02, 3.7765112969666325e+02, 0., 0., 1. ]
D1: !!opencv-matrix
   rows: 1
   cols: 5
   dt: d
   data: [ 1.4139753591576779e-01, -2.4856988007965516e-01,
       8.6928433867484931e-03, 5.3085342956003837e-03,
       1.2092015933837874e-01 ]
K2: !!opencv-matrix
   rows: 3
   cols: 3
   dt: d
   data: [ 7.1919393449060124e+02, 0., 6.4777118307773014e+02, 0.,
       7.1801071133412393e+02, 3.8233454547630856e+02, 0., 0., 1. ]
D2: !!opencv-matrix
   rows: 1
   cols: 5
   dt: d
   data: [ 1.7021446616005159e-01, -3.0568744963308797e-01,
       3.7415174301962091e-03, -1.2916717331448390e-03,
       1.4472683506952580e-01 ]
R: !!opencv-matrix
   rows: 3
   cols: 3
   dt: d
   data: [ 9.9773960343219503e-01, -1.9048180610010068e-02,
       -6.4442614459802580e-02, 1.5377085520913464e-02,
       9.9825627452177257e-01, -5.6990838025019919e-02,
       6.5415816006901842e-02, 5.5871076536612205e-02,
       9.9629272496731169e-01 ]
T: !!opencv-matrix
   rows: 3
   cols: 1
   dt: d
   data: [ 2.4968747379283304e-01, -8.3901171728729511e-03,
       5.6798308014658336e-02 ]
rmse: 1.1890552447447735e+00
