%YAML:1.0
---
K1: !!opencv-matrix
   rows: 3
   cols: 3
   dt: d
   data: [ 7.1296689573963647e+02, 0., 6.5626547812797003e+02, 0.,
       7.1246356311163584e+02, 3.5408971499204512e+02, 0., 0., 1. ]
D1: !!opencv-matrix
   rows: 1
   cols: 5
   dt: d
   data: [ 1.4466401094404840e-01, -2.5047529435114513e-01,
       -7.5879462209365823e-03, -4.8437943247327757e-04,
       9.9038068983081776e-02 ]
K2: !!opencv-matrix
   rows: 3
   cols: 3
   dt: d
   data: [ 7.2254244760673805e+02, 0., 6.6969499731429084e+02, 0.,
       7.2146210555739231e+02, 3.7879331848542631e+02, 0., 0., 1. ]
D2: !!opencv-matrix
   rows: 1
   cols: 5
   dt: d
   data: [ 1.6956131676255629e-01, -2.9985526601567780e-01,
       2.8812026503268339e-03, 2.6206585431573803e-03,
       1.4902674687802650e-01 ]
R: !!opencv-matrix
   rows: 3
   cols: 3
   dt: d
   data: [ 9.6194248785019543e-01, -8.0727172252201052e-02,
       2.6105511626616323e-01, 1.1287242338483686e-01,
       9.8743866696839278e-01, -1.1056534273866085e-01,
       -2.4885028854275151e-01, 1.3582342447400914e-01,
       9.5897107946816751e-01 ]
T: !!opencv-matrix
   rows: 3
   cols: 1
   dt: d
   data: [ -5.8440640275252864e-01, -6.3978444891784739e-02,
       3.5915419688387440e-01 ]
rmse: 6.7796799262341395e+01
