%YAML:1.0
---
K1: !!opencv-matrix
   rows: 3
   cols: 3
   dt: d
   data: [ 6.7586022405248934e+02, 0., 6.4146777211532822e+02, 0.,
       6.7658853285366354e+02, 3.6309346218290045e+02, 0., 0., 1. ]
D1: !!opencv-matrix
   rows: 1
   cols: 5
   dt: d
   data: [ 4.4090323323136206e-02, -1.1437796127235609e-02,
       1.4488860964025992e-03, -1.6522945587361326e-03,
       1.4424537740814342e-02 ]
K2: !!opencv-matrix
   rows: 3
   cols: 3
   dt: d
   data: [ 6.8427075272460343e+02, 0., 6.3849882902476588e+02, 0.,
       6.8525322355387311e+02, 3.6541607232335008e+02, 0., 0., 1. ]
D2: !!opencv-matrix
   rows: 1
   cols: 5
   dt: d
   data: [ 6.1513037796034328e-02, -7.2518160109600993e-02,
       8.8934700182432831e-04, 1.6631775590392717e-03,
       1.1186163028120991e-01 ]
R: !!opencv-matrix
   rows: 3
   cols: 3
   dt: d
   data: [ 9.9825823378512057e-01, 2.5493939225677702e-02,
       -5.3202986222288855e-02, -2.5706204338742353e-02,
       9.9966406395381346e-01, -3.3091234248441544e-03,
       5.3100750829968783e-02, 4.6710065407233299e-03,
       9.9857823527212430e-01 ]
T: !!opencv-matrix
   rows: 3
   cols: 1
   dt: d
   data: [ -6.5255416813576328e-01, 1.2659048273783075e-02,
       5.0170931980821572e-02 ]
rmse: 2.2983595759857672e-01
