%YAML:1.0
---
K1: !!opencv-matrix
   rows: 3
   cols: 3
   dt: d
   data: [ 938.24309781607212, 0., 656.98430802672749, 0.,
       938.80218105810775, 373.81996109343902, 0., 0., 1. ]
D1: !!opencv-matrix
   rows: 1
   cols: 5
   dt: d
   data: [ 0.23103324145506937, -0.59235809819613172,
       0.0070159376684383367, 0.0048697085749150586, 0.50421666474772653 ]
K2: !!opencv-matrix
   rows: 3
   cols: 3
   dt: d
   data: [ 940.69432583684136, 0., 663.15480735444078, 0.,
       945.83855100270841, 384.4910109159099, 0., 0., 1. ]
D2: !!opencv-matrix
   rows: 1
   cols: 5
   dt: d
   data: [ 0.23995202594976631, -0.77111695662468993,
       0.014042079022970168, 0.011503521631124856, 0.84541132962819776 ]
R: !!opencv-matrix
   rows: 3
   cols: 3
   dt: d
   data: [ 0.9995137682801728, -0.027997528256036217,
       0.013724628589563543, 0.028974763381324969, 0.99660154270923262,
       -0.077109196316481762, -0.011519119122799314,
       0.077469371245221477, 0.99692818518361936 ]
T: !!opencv-matrix
   rows: 3
   cols: 1
   dt: d
   data: [ 0.76008913922369936, 0.034722412174781676,
       0.076621772513943143 ]
rmse: 0.42749439368914732
