%YAML:1.0
---
K1: !!opencv-matrix
   rows: 3
   cols: 3
   dt: d
   data: [ 6.8322365838111398e+02, 0., 6.3214375540841183e+02, 0.,
       6.8224981623933513e+02, 3.6441642049456863e+02, 0., 0., 1. ]
D1: !!opencv-matrix
   rows: 1
   cols: 5
   dt: d
   data: [ 1.6028356988668105e-01, -3.4055587889232980e-01,
       -2.5664298850224876e-04, -1.7700364119573122e-03,
       2.0588551429530513e-01 ]
K2: !!opencv-matrix
   rows: 3
   cols: 3
   dt: d
   data: [ 7.1752914632615841e+02, 0., 6.3038894208867316e+02, 0.,
       7.1915839672041227e+02, 3.7997140182712218e+02, 0., 0., 1. ]
D2: !!opencv-matrix
   rows: 1
   cols: 5
   dt: d
   data: [ 1.6569112845548412e-01, -2.4151696670382791e-01,
       2.1872776259861900e-03, -1.6085084901581278e-02,
       1.0535248721187100e-01 ]
R: !!opencv-matrix
   rows: 3
   cols: 3
   dt: d
   data: [ 6.0784083859596405e-01, -9.9520426200207263e-02,
       7.8779768957765062e-01, 1.8500882655880210e-01,
       9.8256039052863553e-01, -1.8622917589630153e-02,
       -7.7220544483336195e-01, 1.5706929595928087e-01,
       6.1565248902003600e-01 ]
T: !!opencv-matrix
   rows: 3
   cols: 1
   dt: d
   data: [ -7.8640205618998171e-01, -1.3630232485448621e-01,
       5.0837593248641788e-01 ]
rmse: 8.0841573946382328e-01
