%YAML:1.0
---
K1: !!opencv-matrix
   rows: 3
   cols: 3
   dt: d
   data: [ 9.5049183474044469e+02, 0., 6.4247302027294768e+02, 0.,
       9.5287884351710068e+02, 3.6267101308600024e+02, 0., 0., 1. ]
D1: !!opencv-matrix
   rows: 1
   cols: 5
   dt: d
   data: [ 1.8885004624834842e-01, -2.5632954954387421e-01,
       2.2550173341111196e-03, -5.7457213982761565e-03,
       -2.6382203368096474e-01 ]
K2: !!opencv-matrix
   rows: 3
   cols: 3
   dt: d
   data: [ 9.6133009881526561e+02, 0., 6.3936318894798308e+02, 0.,
       9.6286574142532641e+02, 3.5593293542632517e+02, 0., 0., 1. ]
D2: !!opencv-matrix
   rows: 1
   cols: 5
   dt: d
   data: [ 4.6906274309100680e-02, 1.5894438160791531e+00,
       -1.0270502744395996e-03, 1.5319565965780280e-03,
       -6.9172574305436507e+00 ]
R: !!opencv-matrix
   rows: 3
   cols: 3
   dt: d
   data: [ 9.9910851796203115e-01, 3.6194062468269906e-03,
       -4.2060304731825808e-02, -4.2083223828526142e-04,
       9.9712229753908821e-01, 7.5808618577291764e-02,
       4.2213649877034305e-02, -7.5723336223323612e-02,
       9.9623490408400606e-01 ]
T: !!opencv-matrix
   rows: 3
   cols: 1
   dt: d
   data: [ 4.4432248975221483e-01, -7.2446593918505664e-03,
       6.5351135353434495e-02 ]
rmse: 2.7102976974467885e-01
