%YAML:1.0
---
K1: !!opencv-matrix
   rows: 3
   cols: 3
   dt: d
   data: [ 948.52732620527468, 0., 643.15767296241563, 0.,
       949.22105654460779, 330.609669656015, 0., 0., 1. ]
D1: !!opencv-matrix
   rows: 1
   cols: 5
   dt: d
   data: [ 0.22912947037392478, -0.80091054621174096,
       -0.0084959528671330782, -0.0040078067680070243,
       0.95650417262431864 ]
K2: !!opencv-matrix
   rows: 3
   cols: 3
   dt: d
   data: [ 901.06412130115848, 0., 641.49982152624284, 0.,
       898.54129872050282, 347.48626915554649, 0., 0., 1. ]
D2: !!opencv-matrix
   rows: 1
   cols: 5
   dt: d
   data: [ 0.1902216694976675, -0.65484344368040159,
       -0.0063995883147820237, 0.001447515899906071, 0.65955072271949466 ]
R: !!opencv-matrix
   rows: 3
   cols: 3
   dt: d
   data: [ 0.95949879552925277, 0.034384879521103244,
       -0.27960640450145702, -0.046505817900281819, 0.99823882244403905,
       -0.036830181467975849, 0.27784756662482946, 0.048341839289143936,
       0.95940804473112673 ]
T: !!opencv-matrix
   rows: 3
   cols: 1
   dt: d
   data: [ 0.75362528989241029, 0.031417919330620964,
       0.059098506636329096 ]
rmse: 1.4912596176791419
