%YAML:1.0
---
K1: !!opencv-matrix
   rows: 3
   cols: 3
   dt: d
   data: [ 844.95492538009455, 0., 623.95710790797216, 0.,
       843.50406632881607, 335.67233380883084, 0., 0., 1. ]
D1: !!opencv-matrix
   rows: 1
   cols: 5
   dt: d
   data: [ 0.090662190094130998, -0.29920207658804199,
       -0.011097847196211945, -0.0073047941592912259,
       0.17642324152294836 ]
K2: !!opencv-matrix
   rows: 3
   cols: 3
   dt: d
   data: [ 911.68360193262708, 0., 636.23436717628044, 0.,
       912.21148464243504, 338.5664522520446, 0., 0., 1. ]
D2: !!opencv-matrix
   rows: 1
   cols: 5
   dt: d
   data: [ 0.20190433391802062, -0.65832371104176168,
       -0.0067352429838885598, 0.0032853394967981273,
       0.63343301830324417 ]
R: !!opencv-matrix
   rows: 3
   cols: 3
   dt: d
   data: [ 0.8108393911042644, -0.18935706783136738, 0.55379001678973294,
       0.21415741885778658, 0.97658690465106945, 0.020362161285422037,
       -0.54467979747906603, 0.10208779812666109, 0.83240735201691585 ]
T: !!opencv-matrix
   rows: 3
   cols: 1
   dt: d
   data: [ -1.0033583849870058, -0.10126219907194385,
       0.19163193202338208 ]
rmse: 0.95997332993637896
