%YAML:1.0
---
K1: !!opencv-matrix
   rows: 3
   cols: 3
   dt: d
   data: [ 7.2130351607525051e+02, 0., 6.5049920665731395e+02, 0.,
       7.2177076060659726e+02, 3.9423626706370624e+02, 0., 0., 1. ]
D1: !!opencv-matrix
   rows: 1
   cols: 5
   dt: d
   data: [ 1.6347275090673022e-01, -3.4463875976764058e-01,
       8.4341912030042702e-03, -1.3059272457409069e-03,
       2.3441261980915803e-01 ]
K2: !!opencv-matrix
   rows: 3
   cols: 3
   dt: d
   data: [ 7.0571697818429834e+02, 0., 6.3889732058286006e+02, 0.,
       7.0827337808610923e+02, 3.6157063699513941e+02, 0., 0., 1. ]
D2: !!opencv-matrix
   rows: 1
   cols: 5
   dt: d
   data: [ 1.6391544729654181e-01, -3.4036534145963765e-01,
       -4.4211730353267810e-03, -2.4890582716495958e-03,
       2.1118513819249096e-01 ]
R: !!opencv-matrix
   rows: 3
   cols: 3
   dt: d
   data: [ 9.3640108872386252e-01, 1.0880233748594112e-01,
       -3.3363910501372607e-01, -1.0584777866757006e-01,
       9.9401353578922047e-01, 2.7080221914771163e-02,
       3.3458817789620998e-01, 9.9570088584635466e-03,
       9.4231184285600833e-01 ]
T: !!opencv-matrix
   rows: 3
   cols: 1
   dt: d
   data: [ 8.0208394954909978e-01, -1.5519832921524224e-02,
       5.1581444952383260e-02 ]
rmse: 7.7849173977676289e-01
