%YAML:1.0
---
K1: !!opencv-matrix
   rows: 3
   cols: 3
   dt: d
   data: [ 7.2134187474821590e+02, 0., 6.5497111483583717e+02, 0.,
       7.2082640809230406e+02, 3.8349748082875294e+02, 0., 0., 1. ]
D1: !!opencv-matrix
   rows: 1
   cols: 5
   dt: d
   data: [ 1.6384315696061152e-01, -3.1703996307285504e-01,
       5.4812288699579211e-03, -6.4039101241275271e-04,
       1.6256347367640459e-01 ]
K2: !!opencv-matrix
   rows: 3
   cols: 3
   dt: d
   data: [ 7.1008409612930734e+02, 0., 6.5012012599846719e+02, 0.,
       7.1295696037501943e+02, 3.7147157826897524e+02, 0., 0., 1. ]
D2: !!opencv-matrix
   rows: 1
   cols: 5
   dt: d
   data: [ 1.5191747843605224e-01, -2.7090944617729817e-01,
       -2.5576303535247669e-04, 1.5737129292383897e-03,
       1.1517543329908558e-01 ]
R: !!opencv-matrix
   rows: 3
   cols: 3
   dt: d
   data: [ 9.3616966181881078e-01, 1.0176678336960032e-01,
       -3.3649648748933231e-01, -1.0806114866176875e-01,
       9.9414424892975750e-01, 2.1674581457822167e-05,
       3.3452825357501964e-01, 3.6341905873154293e-02,
       9.4168472082621912e-01 ]
T: !!opencv-matrix
   rows: 3
   cols: 1
   dt: d
   data: [ 7.9664456289282237e-01, -1.8349515858318028e-02,
       6.8465018140062950e-02 ]
rmse: 7.1866446423431440e-01
