%YAML:1.0
---
K1: !!opencv-matrix
   rows: 3
   cols: 3
   dt: d
   data: [ 467.48859237382766, 0., 692.25683850535779, 0.,
       473.26362176941967, 373.95470752929015, 0., 0., 1. ]
D1: !!opencv-matrix
   rows: 1
   cols: 5
   dt: d
   data: [ 0.018642206869416939, -0.10738124126004926,
       -0.00097304254436454381, -0.0027719807815254722,
       0.046911787653394633 ]
K2: !!opencv-matrix
   rows: 3
   cols: 3
   dt: d
   data: [ 629.20196640255176, 0., 666.53117931128077, 0.,
       627.23647652037164, 370.52280230800312, 0., 0., 1. ]
D2: !!opencv-matrix
   rows: 1
   cols: 5
   dt: d
   data: [ 0.0091049851655345612, 0.26515875924957549,
       -0.003469018064075173, 0.00216313726761002, -0.63460010538465472 ]
R: !!opencv-matrix
   rows: 3
   cols: 3
   dt: d
   data: [ 0.90934104603890986, 0.15317946652916528,
       -0.38682672221900782, -0.16021695712031273, 0.98697967059234915,
       0.014200580570028321, 0.38396534822815587, 0.049063029576844538,
       0.92204307409620112 ]
T: !!opencv-matrix
   rows: 3
   cols: 1
   dt: d
   data: [ 0.77854684256912743, -0.026778164902957192,
       0.42644475690559469 ]
rmse: 4.0025144483614428
