%YAML:1.0
---
K1: !!opencv-matrix
   rows: 3
   cols: 3
   dt: d
   data: [ 7.2029308392363191e+02, 0., 6.5801955328791360e+02, 0.,
       7.2187931159321317e+02, 3.5080704221989851e+02, 0., 0., 1. ]
D1: !!opencv-matrix
   rows: 1
   cols: 5
   dt: d
   data: [ 1.6513846766835577e-01, -3.2259501558488035e-01,
       -9.9558529124337165e-03, 2.9547128183378870e-03,
       2.0147504069563646e-01 ]
K2: !!opencv-matrix
   rows: 3
   cols: 3
   dt: d
   data: [ 7.2871200850574155e+02, 0., 6.6235545163707388e+02, 0.,
       7.2911037122829316e+02, 3.8310536278238641e+02, 0., 0., 1. ]
D2: !!opencv-matrix
   rows: 1
   cols: 5
   dt: d
   data: [ 1.6547458901794665e-01, -2.5685008957231792e-01,
       4.7552433579092892e-03, -1.3327130878235487e-03,
       1.4317105664378785e-01 ]
R: !!opencv-matrix
   rows: 3
   cols: 3
   dt: d
   data: [ 9.3535289486464701e-01, -9.7478608291927685e-02,
       3.4001894505129188e-01, 1.0116241803154426e-01,
       9.9484584254152875e-01, 6.9220485296515016e-03,
       -3.3894118552683389e-01, 2.7922580527320370e-02,
       9.4039311048643892e-01 ]
T: !!opencv-matrix
   rows: 3
   cols: 1
   dt: d
   data: [ -7.7111753196877197e-01, -5.9516214402251584e-02,
       1.8358537401767483e-01 ]
rmse: 1.3006306247244661e+00
