%YAML:1.0
---
K1: !!opencv-matrix
   rows: 3
   cols: 3
   dt: d
   data: [ 6.8590068105566968e+02, 0., 6.3155225619765179e+02, 0.,
       6.8672504246232347e+02, 3.5369496083629980e+02, 0., 0., 1. ]
D1: !!opencv-matrix
   rows: 1
   cols: 5
   dt: d
   data: [ 1.5642371136281787e-02, 3.1828121569671008e-01,
       -1.8761726870306552e-03, -4.3781143562320220e-03,
       -9.2850204679177606e-01 ]
K2: !!opencv-matrix
   rows: 3
   cols: 3
   dt: d
   data: [ 6.7320783365332056e+02, 0., 6.4296321077483401e+02, 0.,
       6.7444193261775820e+02, 3.6543424970639995e+02, 0., 0., 1. ]
D2: !!opencv-matrix
   rows: 1
   cols: 5
   dt: d
   data: [ 5.2245899664394135e-02, -2.2842603794724672e-01,
       1.3754400383201211e-03, 1.2133077702115027e-03,
       4.6855324974518509e-01 ]
R: !!opencv-matrix
   rows: 3
   cols: 3
   dt: d
   data: [ 9.9777255246042729e-01, -2.9619212110063081e-03,
       -6.6642033127326403e-02, 2.0909415681870814e-03,
       9.9991153965172908e-01, -1.3135479993779654e-02,
       6.6675044206676817e-02, 1.2966876803931975e-02,
       9.9769048235712332e-01 ]
T: !!opencv-matrix
   rows: 3
   cols: 1
   dt: d
   data: [ 5.2809264979079973e-01, -1.3175052591558574e-02,
       -8.6087469479024764e-02 ]
rmse: 4.4075729866887153e-01
