%YAML:1.0
---
K: !!opencv-matrix
   rows: 3
   cols: 3
   dt: d
   data: [ 6.6127372449485631e+02, 0., 6.3752763564008933e+02, 0.,
       6.6357867183076507e+02, 3.5910577726326738e+02, 0., 0., 1. ]
D: !!opencv-matrix
   rows: 1
   cols: 5
   dt: d
   data: [ 2.8808679913199204e-02, -4.0950030381102807e-02,
       -1.0586292742278836e-03, -3.6185939133788246e-03,
       1.1122153775640483e-02 ]
reproj: 2.0127264324643918e-01
