%YAML:1.0
---
K: !!opencv-matrix
   rows: 3
   cols: 3
   dt: d
   data: [ 9.5731580676943440e+02, 0., 6.3869593184638552e+02, 0.,
       9.5901907791678093e+02, 3.6048403490537174e+02, 0., 0., 1. ]
D: !!opencv-matrix
   rows: 1
   cols: 5
   dt: d
   data: [ 1.9593333061443788e-01, -3.0753563757129110e-01,
       7.4441513719868840e-04, 3.5604089133383079e-03,
       -1.0736758724091174e-01 ]
reproj: 1.8806991120044761e-01
