%YAML:1.0
---
K: !!opencv-matrix
   rows: 3
   cols: 3
   dt: d
   data: [ 6.8427075272460343e+02, 0., 6.3849882902476588e+02, 0.,
       6.8525322355387311e+02, 3.6541607232335008e+02, 0., 0., 1. ]
D: !!opencv-matrix
   rows: 1
   cols: 5
   dt: d
   data: [ 6.1513037796034328e-02, -7.2518160109600993e-02,
       8.8934700182432831e-04, 1.6631775590392717e-03,
       1.1186163028120991e-01 ]
reproj: 2.0128565917324862e-01
