%YAML:1.0
---
K: !!opencv-matrix
   rows: 3
   cols: 3
   dt: d
   data: [ 7.1008409612930734e+02, 0., 6.5012012599846719e+02, 0.,
       7.1295696037501943e+02, 3.7147157826897524e+02, 0., 0., 1. ]
D: !!opencv-matrix
   rows: 1
   cols: 5
   dt: d
   data: [ 1.5191747843605224e-01, -2.7090944617729817e-01,
       -2.5576303535247669e-04, 1.5737129292383897e-03,
       1.1517543329908558e-01 ]
reproj: 3.7223124069257557e-01
