%YAML:1.0
---
K: !!opencv-matrix
   rows: 3
   cols: 3
   dt: d
   data: [ 9.6133009881526561e+02, 0., 6.3936318894798308e+02, 0.,
       9.6286574142532641e+02, 3.5593293542632517e+02, 0., 0., 1. ]
D: !!opencv-matrix
   rows: 1
   cols: 5
   dt: d
   data: [ 4.6906274309100680e-02, 1.5894438160791531e+00,
       -1.0270502744395996e-03, 1.5319565965780280e-03,
       -6.9172574305436507e+00 ]
reproj: 1.2005919861110269e-01
