%YAML:1.0
---
K: !!opencv-matrix
   rows: 3
   cols: 3
   dt: d
   data: [ 7.0571697818429834e+02, 0., 6.3889732058286006e+02, 0.,
       7.0827337808610923e+02, 3.6157063699513941e+02, 0., 0., 1. ]
D: !!opencv-matrix
   rows: 1
   cols: 5
   dt: d
   data: [ 1.6391544729654181e-01, -3.4036534145963765e-01,
       -4.4211730353267810e-03, -2.4890582716495958e-03,
       2.1118513819249096e-01 ]
reproj: 3.6374728611233015e-01
