%YAML:1.0
---
K: !!opencv-matrix
   rows: 3
   cols: 3
   dt: d
   data: [ 9.5060284457076136e+02, 0., 6.3841362928230626e+02, 0.,
       9.5152319872565715e+02, 3.5630795337883228e+02, 0., 0., 1. ]
D: !!opencv-matrix
   rows: 1
   cols: 5
   dt: d
   data: [ 9.2272012205302581e-02, 5.7527750274868772e-01,
       -3.5860542753934774e-04, 2.0699610820256375e-03,
       -2.8506240602613544e+00 ]
reproj: 1.2846106277562541e-01
