%YAML:1.0
---
K: !!opencv-matrix
   rows: 3
   cols: 3
   dt: d
   data: [ 901.06412130115848, 0., 641.49982152624284, 0.,
       898.54129872050282, 347.48626915554649, 0., 0., 1. ]
D: !!opencv-matrix
   rows: 1
   cols: 5
   dt: d
   data: [ 0.1902216694976675, -0.65484344368040159,
       -0.0063995883147820237, 0.001447515899906071, 0.65955072271949466 ]
reproj: 0.86156974327918556
