%YAML:1.0
---
K: !!opencv-matrix
   rows: 3
   cols: 3
   dt: d
   data: [ 940.69432583684136, 0., 663.15480735444078, 0.,
       945.83855100270841, 384.4910109159099, 0., 0., 1. ]
D: !!opencv-matrix
   rows: 1
   cols: 5
   dt: d
   data: [ 0.23995202594976631, -0.77111695662468993,
       0.014042079022970168, 0.011503521631124856, 0.84541132962819776 ]
reproj: 0.3257634784908639
