%YAML:1.0
---
K: !!opencv-matrix
   rows: 3
   cols: 3
   dt: d
   data: [ 7.2790375942433229e+02, 0., 6.3005799147792072e+02, 0.,
       7.2565732481017233e+02, 3.7874131482371132e+02, 0., 0., 1. ]
D: !!opencv-matrix
   rows: 1
   cols: 5
   dt: d
   data: [ 1.7504795112129787e-01, -4.4421613966332790e-01,
       3.6428835424730835e-04, -3.5038793577444314e-03,
       2.9016220237274876e-01 ]
reproj: 4.5312563199737610e-01
