%YAML:1.0
---
K: !!opencv-matrix
   rows: 3
   cols: 3
   dt: d
   data: [ 7.1919393449060124e+02, 0., 6.4777118307773014e+02, 0.,
       7.1801071133412393e+02, 3.8233454547630856e+02, 0., 0., 1. ]
D: !!opencv-matrix
   rows: 1
   cols: 5
   dt: d
   data: [ 1.7021446616005159e-01, -3.0568744963308797e-01,
       3.7415174301962091e-03, -1.2916717331448390e-03,
       1.4472683506952580e-01 ]
reproj: 3.7984576393104896e-01
