%YAML:1.0
---
K: !!opencv-matrix
   rows: 3
   cols: 3
   dt: d
   data: [ 666.77607726410986, 0., 661.70017078142359, 0.,
       670.95064532800336, 381.61009861897071, 0., 0., 1. ]
D: !!opencv-matrix
   rows: 1
   cols: 5
   dt: d
   data: [ 0.023440133110091292, 0.12659546182595105,
       0.012262754302924863, 0.011366619539456646, -0.18435620685416804 ]
reproj: 0.77752734131622769
