%YAML:1.0
---
K: !!opencv-matrix
   rows: 3
   cols: 3
   dt: d
   data: [ 7.4756210541179973e+02, 0., 7.0909391521739894e+02, 0.,
       7.4492602519738614e+02, 4.0490206337141564e+02, 0., 0., 1. ]
D: !!opencv-matrix
   rows: 1
   cols: 5
   dt: d
   data: [ 1.7843265562197266e-01, -1.9518812579667455e-01,
       1.9389143854198980e-02, 2.5565363850850009e-02,
       9.4311666823040236e-02 ]
reproj: 2.7431767065077001e-01
