%YAML:1.0
---
K: !!opencv-matrix
   rows: 3
   cols: 3
   dt: d
   data: [ 7.0568328798972016e+02, 0., 6.6319747036733372e+02, 0.,
       7.0703701297204816e+02, 3.7462525087306295e+02, 0., 0., 1. ]
D: !!opencv-matrix
   rows: 1
   cols: 5
   dt: d
   data: [ 1.5393113035778985e-01, -2.6753697848239832e-01,
       -6.5960151769551471e-04, -3.4888634592988603e-03,
       1.1731942830405347e-01 ]
reproj: 5.6723862886422616e-01
