%YAML:1.0
---
K: !!opencv-matrix
   rows: 3
   cols: 3
   dt: d
   data: [ 591.68579796640529, 0., 682.28541645342113, 0.,
       594.27703081834943, 351.3749372946649, 0., 0., 1. ]
D: !!opencv-matrix
   rows: 1
   cols: 5
   dt: d
   data: [ -0.037033719841823791, -0.034786892581262649,
       -0.007508272886890691, 0.013765765233736814, 0.019086499542992554 ]
reproj: 3.8270112558411951
