%YAML:1.0
---
K: !!opencv-matrix
   rows: 3
   cols: 3
   dt: d
   data: [ 896.71025051429967, 0., 664.2544256855515, 0.,
       895.76894041092896, 341.0923947920665, 0., 0., 1. ]
D: !!opencv-matrix
   rows: 1
   cols: 5
   dt: d
   data: [ 0.24208987413993388, -0.805967136170472,
       -0.0055203335639227233, 0.0022139651043857895,
       0.83132722842951512 ]
reproj: 0.15428318660803478
