%YAML:1.0
---
K: !!opencv-matrix
   rows: 3
   cols: 3
   dt: d
   data: [ 6.7320783365332056e+02, 0., 6.4296321077483401e+02, 0.,
       6.7444193261775820e+02, 3.6543424970639995e+02, 0., 0., 1. ]
D: !!opencv-matrix
   rows: 1
   cols: 5
   dt: d
   data: [ 5.2245899664394135e-02, -2.2842603794724672e-01,
       1.3754400383201211e-03, 1.2133077702115027e-03,
       4.6855324974518509e-01 ]
reproj: 5.0446471872683718e-01
