%YAML:1.0
---
K: !!opencv-matrix
   rows: 3
   cols: 3
   dt: d
   data: [ 7.2871200850574155e+02, 0., 6.6235545163707388e+02, 0.,
       7.2911037122829316e+02, 3.8310536278238641e+02, 0., 0., 1. ]
D: !!opencv-matrix
   rows: 1
   cols: 5
   dt: d
   data: [ 1.6547458901794665e-01, -2.5685008957231792e-01,
       4.7552433579092892e-03, -1.3327130878235487e-03,
       1.4317105664378785e-01 ]
reproj: 5.5097026555598738e-01
