%YAML:1.0
---
K: !!opencv-matrix
   rows: 3
   cols: 3
   dt: d
   data: [ 683.17533279438351, 0., 579.46684833985819, 0.,
       676.55760888219334, 371.42881182915528, 0., 0., 1. ]
D: !!opencv-matrix
   rows: 1
   cols: 5
   dt: d
   data: [ 0.10507352397266044, -0.16998508113677774,
       0.0039190688133956741, -0.044076494891403022, 0.25342309129555252 ]
reproj: 0.30375832930778929
