%YAML:1.0
---
K: !!opencv-matrix
   rows: 3
   cols: 3
   dt: d
   data: [ 629.20196640255176, 0., 666.53117931128077, 0.,
       627.23647652037164, 370.52280230800312, 0., 0., 1. ]
D: !!opencv-matrix
   rows: 1
   cols: 5
   dt: d
   data: [ 0.0091049851655345612, 0.26515875924957549,
       -0.003469018064075173, 0.00216313726761002, -0.63460010538465472 ]
reproj: 3.0207097353284125
