%YAML:1.0
---
K: !!opencv-matrix
   rows: 3
   cols: 3
   dt: d
   data: [ 9.2489996065595244e+02, 0., 6.3681888212107140e+02, 0.,
       9.2805290042196441e+02, 3.5795915901795490e+02, 0., 0., 1. ]
D: !!opencv-matrix
   rows: 1
   cols: 5
   dt: d
   data: [ 1.7992346649334781e-01, -5.2489288930595768e-01,
       -1.8707675976105775e-04, -3.1872405666062199e-03,
       3.8799702207038395e-01 ]
reproj: 2.2615378154409957e-01
