%YAML:1.0
---
K: !!opencv-matrix
   rows: 3
   cols: 3
   dt: d
   data: [ 911.68360193262708, 0., 636.23436717628044, 0.,
       912.21148464243504, 338.5664522520446, 0., 0., 1. ]
D: !!opencv-matrix
   rows: 1
   cols: 5
   dt: d
   data: [ 0.20190433391802062, -0.65832371104176168,
       -0.0067352429838885598, 0.0032853394967981273,
       0.63343301830324417 ]
reproj: 0.16454211676785105
