%YAML:1.0
---
K: !!opencv-matrix
   rows: 3
   cols: 3
   dt: d
   data: [ 7.1752914632615841e+02, 0., 6.3038894208867316e+02, 0.,
       7.1915839672041227e+02, 3.7997140182712218e+02, 0., 0., 1. ]
D: !!opencv-matrix
   rows: 1
   cols: 5
   dt: d
   data: [ 1.6569112845548412e-01, -2.4151696670382791e-01,
       2.1872776259861900e-03, -1.6085084901581278e-02,
       1.0535248721187100e-01 ]
reproj: 3.2952293446721775e-01
