%YAML:1.0
---
K: !!opencv-matrix
   rows: 3
   cols: 3
   dt: d
   data: [ 963.51956644241977, 0., 543.93440104136573, 0.,
       957.23953688107611, 363.52519366690882, 0., 0., 1. ]
D: !!opencv-matrix
   rows: 1
   cols: 5
   dt: d
   data: [ 0.20303745022107825, -0.06602185915231068,
       0.0021231357000690036, -0.053374144975767521,
       -0.24445922493177002 ]
reproj: 0.26298536412265178
