%YAML:1.0
---
K: !!opencv-matrix
   rows: 3
   cols: 3
   dt: d
   data: [ 516.99636534775459, 0., 610.43822238112512, 0.,
       517.24030478966415, 372.23882041694554, 0., 0., 1. ]
D: !!opencv-matrix
   rows: 1
   cols: 5
   dt: d
   data: [ -0.21117108547196656, 0.1930003336499003,
       0.001754162387745746, 0.0077297701705441174,
       -0.085602440505491206 ]
reproj: 4.4754107786356014
