%YAML:1.0
---
K: !!opencv-matrix
   rows: 3
   cols: 3
   dt: d
   data: [ 7.2254244760673805e+02, 0., 6.6969499731429084e+02, 0.,
       7.2146210555739231e+02, 3.7879331848542631e+02, 0., 0., 1. ]
D: !!opencv-matrix
   rows: 1
   cols: 5
   dt: d
   data: [ 1.6956131676255629e-01, -2.9985526601567780e-01,
       2.8812026503268339e-03, 2.6206585431573803e-03,
       1.4902674687802650e-01 ]
reproj: 3.6739291597476864e-01
