%YAML:1.0
---
K: !!opencv-matrix
   rows: 3
   cols: 3
   dt: d
   data: [ 6.8005817880480686e+02, 0., 6.4577070211985574e+02, 0.,
       6.8123607323846227e+02, 3.5958974523772525e+02, 0., 0., 1. ]
D: !!opencv-matrix
   rows: 1
   cols: 5
   dt: d
   data: [ 2.7366819934592071e-02, 1.3162611069261829e-01,
       -1.2434970649201275e-03, 2.1130211393664503e-03,
       -2.7624406581287272e-02 ]
reproj: 1.3410670794300295e-01
