Elbow: 0.271587498754243
Hip: 0.2214192846048176
Knee: 0.24081167044450016
Shoulder: 0.3990384507743795
Wrist: 0.18718893223543018
