Elbow: 0.33566674458246937
Hip: 0.47648042433424215
Knee: 0.40155370945561
Shoulder: 0.4397691087116175
Wrist: 0.23242554243018573
