Elbow: 0.33691768476288997
Hip: 0.49097555195146697
Knee: 0.38866803811408523
Shoulder: 0.45983122384568104
Wrist: 0.23279493070452506
