Elbow: 0.34401909462538116
Hip: 0.5062824881159113
Knee: 0.3783925569015343
Shoulder: 0.44050169334383016
Wrist: 0.2382328177363936
