Elbow: 0.2936782315250922
Hip: 0.45672309416883505
Knee: 0.3116787796908994
Shoulder: 0.41634450875387363
Wrist: 0.23245007343067356
