Elbow: 0.332804111042205
Hip: 0.4777846870866614
Knee: 0.3953711366544428
Shoulder: 0.42319728626309333
Wrist: 0.23796781815453769
