%YAML:1.0
---
K: !!opencv-matrix
   rows: 3
   cols: 3
   dt: d
   data: [ 6.8793704418826292e+02, 0., 6.3458420860455476e+02, 0.,
       6.8950713689788518e+02, 3.6415378184247652e+02, 0., 0., 1. ]
D: !!opencv-matrix
   rows: 1
   cols: 5
   dt: d
   data: [ 4.1561065829958471e-02, 1.0575784249035103e-01,
       2.3037361188334693e-03, -6.8153275125269037e-04,
       -7.2080178135702583e-02 ]
reproj: 1.0859114145332953e-01
