Elbow: 0.3325189147111014
Wrist: 0.23178192737891948
